0 75 90 734 90
1 73 89 732 90
2 71 89 729 90
3 69 89 727 90
4 67 88 724 91
5 65 88 722 91
6 63 88 719 91
7 61 87 716 91
8 59 87 714 92
9 58 87 711 92
10 56 87 708 92
11 55 86 705 92
12 54 86 702 93
13 53 86 699 93
14 51 85 696 93
15 50 85 693 93
16 50 85 690 94
17 49 84 687 94
18 48 84 683 94
19 48 83 680 94
20 47 83 677 94
21 47 83 673 95
22 47 82 670 95
23 47 82 667 95
24 47 82 663 95
25 47 81 660 95
26 47 81 656 96
27 48 81 653 96
28 48 80 649 96
29 49 80 646 96
30 50 79 642 96
31 51 79 638 96
32 52 79 635 97
33 54 78 631 97
34 55 78 627 97
35 57 78 624 97
36 59 77 620 97
37 61 77 616 97
38 63 76 612 98
39 65 76 609 98
40 68 76 605 98
41 71 75 601 98
42 73 75 597 98
43 76 74 593 98
44 80 74 589 98
45 83 74 585 99
46 87 73 582 99
47 90 73 578 99
48 94 73 574 99
49 98 72 570 99
50 103 72 566 99
51 107 71 562 99
52 112 71 558 99
53 117 71 554 99
54 122 70 550 100
55 127 70 546 100
56 133 70 542 100
57 138 69 538 100
58 144 69 534 100
59 150 69 530 100
60 156 68 526 100
61 163 68 522 100
62 169 68 518 100
63 176 67 514 100
64 183 67 509 100
65 190 67 505 100
66 197 66 501 100
67 204 66 497 101
68 212 66 493 101
69 220 66 489 101
70 227 65 485 101
71 235 65 481 101
72 243 65 477 101
73 252 65 473 101
74 260 64 468 101
75 269 64 464 101
76 277 64 460 101
77 286 64 456 101
78 295 64 452 101
79 304 64 448 101
80 313 63 444 101
81 322 63 440 101
82 331 63 435 101
83 340 63 431 101
84 350 63 427 101
85 359 63 423 101
86 368 63 419 101
87 378 63 415 101
88 387 63 411 101
89 397 63 407 101
90 406 63 402 101
91 416 63 398 101
92 425 63 394 101
93 434 63 390 101
94 444 63 386 101
95 453 63 382 101
96 463 63 378 101
97 472 63 373 101
98 481 63 369 101
99 490 63 365 101
100 499 63 361 101
101 508 64 357 101
102 517 64 353 101
103 526 64 349 101
104 535 64 345 101
105 543 64 340 101
106 552 64 336 101
107 560 65 332 101
108 569 65 328 101
109 577 65 324 101
110 585 65 320 101
111 593 66 316 101
112 600 66 312 101
113 608 66 308 100
114 615 66 304 100
115 622 67 300 100
116 629 67 296 100
117 636 67 291 100
118 643 67 287 100
119 649 68 283 100
120 656 68 279 100
121 662 68 275 100
122 668 69 271 100
123 674 69 267 100
124 679 69 263 100
125 685 70 259 100
126 690 70 255 99
127 695 71 251 99
128 700 71 247 99
129 705 71 243 99
130 709 72 240 99
131 713 72 236 99
132 717 72 232 99
133 721 73 228 99
134 725 73 224 99
135 729 74 220 98
136 732 74 216 98
137 735 74 212 98
138 738 75 209 98
139 741 75 205 98
140 744 75 201 98
141 746 76 197 98
142 748 76 193 98
143 751 77 190 97
144 753 77 186 97
145 754 77 182 97
146 756 78 179 97
147 757 78 175 97
148 759 79 171 97
149 760 79 168 96
150 761 79 164 96
151 762 80 161 96
152 763 80 157 96
153 763 80 154 96
154 764 81 150 96
155 764 81 147 95
156 764 82 143 95
157 764 82 140 95
158 764 82 136 95
159 764 83 133 95
160 763 83 130 94
161 763 83 127 94
162 762 84 123 94
163 762 84 120 94
164 761 84 117 94
165 760 85 114 93
166 759 85 111 93
167 758 85 108 93
168 757 86 105 93
169 755 86 102 92
170 754 86 99 92
171 752 87 97 92
172 751 87 94 92
173 749 87 91 91
174 747 88 89 91
175 745 88 86 91
176 743 88 83 91
177 741 89 81 90
178 739 89 79 90
179 737 89 76 90
180 735 89 74 89
181 733 90 72 89
182 730 90 70 89
183 728 90 68 89
184 725 91 66 88
185 723 91 64 88
186 720 91 62 88
187 717 91 60 87
188 715 92 59 87
189 712 92 57 87
190 709 92 56 86
191 706 92 55 86
192 703 93 53 86
193 700 93 52 85
194 697 93 51 85
195 694 93 50 85
196 691 94 49 84
197 688 94 49 84
198 684 94 48 84
199 681 94 48 83
200 678 94 47 83
201 675 95 47 83
202 671 95 47 82
203 668 95 47 82
204 664 95 47 82
205 661 95 47 81
206 657 96 47 81
207 654 96 48 80
208 650 96 49 80
209 647 96 50 80
210 643 96 50 79
211 640 96 52 79
212 636 97 53 79
213 632 97 54 78
214 629 97 56 78
215 625 97 58 77
216 621 97 59 77
217 617 97 62 77
218 614 98 64 76
219 610 98 66 76
220 606 98 69 75
221 602 98 71 75
222 598 98 74 75
223 595 98 78 74
224 591 98 81 74
225 587 98 84 74
226 583 99 88 73
227 579 99 92 73
228 575 99 96 72
229 571 99 100 72
230 567 99 104 72
231 563 99 109 71
232 559 99 114 71
233 555 99 119 71
234 551 99 124 70
235 547 100 129 70
236 543 100 135 69
237 539 100 140 69
238 535 100 146 69
239 531 100 152 68
240 527 100 158 68
241 523 100 165 68
242 519 100 171 67
243 515 100 178 67
244 511 100 185 67
245 507 100 192 67
246 503 100 199 66
247 499 100 207 66
248 495 101 215 66
249 490 101 222 66
250 486 101 230 65
251 482 101 238 65
252 478 101 246 65
253 474 101 255 65
254 470 101 263 64
255 466 101 272 64
256 462 101 280 64
257 458 101 289 64
258 453 101 298 64
259 449 101 307 64
260 445 101 316 63
261 441 101 325 63
262 437 101 334 63
263 433 101 343 63
264 429 101 353 63
265 425 101 362 63
266 420 101 372 63
267 416 101 381 63
268 412 101 390 63
269 408 101 400 63
270 404 101 409 63
271 400 101 419 63
272 396 101 428 63
273 391 101 438 63
274 387 101 447 63
275 383 101 457 63
276 379 101 466 63
277 375 101 475 63
278 371 101 484 63
279 367 101 493 63
280 362 101 503 63
281 358 101 512 64
282 354 101 520 64
283 350 101 529 64
284 346 101 538 64
285 342 101 546 64
286 338 101 555 64
287 334 101 563 65
288 330 101 571 65
289 325 101 580 65
290 321 101 587 65
291 317 101 595 66
292 313 101 603 66
293 309 101 610 66
294 305 100 618 66
295 301 100 625 67
296 297 100 632 67
297 293 100 639 67
298 289 100 645 68
299 285 100 652 68
300 281 100 658 68
301 277 100 664 69
302 273 100 670 69
303 269 100 676 69
304 265 100 681 70
305 261 100 687 70
306 257 100 692 70
307 253 99 697 71
308 249 99 701 71
309 245 99 706 71
310 241 99 711 72
311 237 99 715 72
312 233 99 719 73
313 229 99 723 73
314 225 99 726 73
315 221 99 730 74
316 218 98 733 74
317 214 98 736 74
318 210 98 739 75
319 206 98 742 75
320 202 98 745 76
321 198 98 747 76
322 195 98 749 76
323 191 97 751 77
324 187 97 753 77
325 184 97 755 78
326 180 97 757 78
327 176 97 758 78
328 173 97 759 79
329 169 96 760 79
330 165 96 761 79
331 162 96 762 80
332 158 96 763 80
333 155 96 763 81
334 151 96 764 81
335 148 95 764 81
336 144 95 764 82
337 141 95 764 82
338 138 95 764 82
339 134 95 764 83
340 131 94 763 83
341 128 94 763 83
342 125 94 762 84
343 121 94 761 84
344 118 94 761 85
345 115 93 760 85
346 112 93 759 85
347 109 93 757 86
348 106 93 756 86
349 103 92 755 86
350 100 92 753 87
351 98 92 752 87
352 95 92 750 87
353 92 91 748 87
354 89 91 747 88
355 87 91 745 88
356 84 91 743 88
357 82 90 741 89
358 79 90 739 89
359 77 90 736 89