0 230 130 1174 130
1 227 129 1171 130
2 225 128 1169 131
3 222 128 1166 131
4 220 127 1163 132
5 218 126 1160 133
6 216 126 1156 133
7 214 125 1153 134
8 213 124 1150 134
9 211 124 1146 135
10 210 123 1142 135
11 208 122 1139 136
12 207 122 1135 136
13 206 121 1131 137
14 205 120 1127 137
15 205 120 1123 138
16 204 119 1119 138
17 204 118 1115 139
18 204 117 1111 139
19 204 117 1106 140
20 204 116 1102 140
21 204 115 1097 141
22 205 115 1093 141
23 205 114 1088 142
24 206 113 1084 142
25 207 112 1079 143
26 208 112 1074 143
27 210 111 1069 143
28 211 110 1064 144
29 213 109 1059 144
30 215 109 1054 145
31 217 108 1049 145
32 220 107 1044 145
33 222 106 1039 146
34 225 106 1034 146
35 228 105 1029 146
36 232 104 1023 147
37 235 103 1018 147
38 239 103 1013 148
39 243 102 1007 148
40 247 101 1002 148
41 251 100 997 149
42 256 100 991 149
43 261 99 985 149
44 266 98 980 149
45 271 97 974 150
46 276 97 969 150
47 282 96 963 150
48 288 95 957 151
49 294 94 952 151
50 300 94 946 151
51 307 93 940 151
52 314 92 934 152
53 321 92 928 152
54 328 91 923 152
55 336 90 917 152
56 343 90 911 152
57 351 89 905 153
58 360 88 899 153
59 368 88 893 153
60 376 87 887 153
61 385 87 881 153
62 394 86 875 154
63 403 86 869 154
64 413 85 863 154
65 422 84 857 154
66 432 84 851 154
67 442 83 845 154
68 452 83 839 155
69 462 82 833 155
70 473 82 826 155
71 483 82 820 155
72 494 81 814 155
73 505 81 808 155
74 516 80 802 155
75 527 80 796 155
76 539 80 789 155
77 550 79 783 156
78 561 79 777 156
79 573 79 771 156
80 585 79 765 156
81 597 78 759 156
82 608 78 752 156
83 620 78 746 156
84 632 78 740 156
85 645 78 734 156
86 657 78 727 156
87 669 78 721 156
88 681 78 715 156
89 693 78 709 156
90 705 78 703 156
91 718 78 696 156
92 730 78 690 156
93 742 78 684 156
94 754 78 678 156
95 766 78 671 156
96 778 78 665 156
97 790 78 659 156
98 802 78 653 156
99 814 78 647 156
100 826 79 640 156
101 838 79 634 156
102 849 79 628 156
103 861 79 622 155
104 872 80 616 155
105 884 80 609 155
106 895 80 603 155
107 906 81 597 155
108 917 81 591 155
109 927 82 585 155
110 938 82 579 155
111 948 82 573 155
112 959 83 567 155
113 969 83 561 154
114 979 84 554 154
115 988 84 548 154
116 998 85 542 154
117 1007 85 536 154
118 1017 86 530 154
119 1026 87 524 153
120 1034 87 518 153
121 1043 88 512 153
122 1051 88 506 153
123 1059 89 501 153
124 1067 90 495 152
125 1075 90 489 152
126 1082 91 483 152
127 1090 92 477 152
128 1097 92 471 151
129 1104 93 466 151
130 1110 94 460 151
131 1117 94 454 151
132 1123 95 448 150
133 1129 96 443 150
134 1134 96 437 150
135 1140 97 432 150
136 1145 98 426 149
137 1150 99 420 149
138 1155 99 415 149
139 1159 100 409 148
140 1164 101 404 148
141 1168 102 399 148
142 1172 102 393 147
143 1175 103 388 147
144 1179 104 383 147
145 1182 105 377 146
146 1185 105 372 146
147 1188 106 367 146
148 1191 107 362 145
149 1193 108 357 145
150 1195 108 352 145
151 1197 109 347 144
152 1199 110 342 144
153 1201 111 337 143
154 1202 111 332 143
155 1203 112 328 142
156 1204 113 323 142
157 1205 114 319 142
158 1206 114 314 141
159 1206 115 309 141
160 1206 116 305 140
161 1207 117 301 140
162 1207 117 296 139
163 1206 118 292 139
164 1206 119 288 138
165 1205 119 284 138
166 1205 120 280 137
167 1204 121 276 137
168 1203 122 272 136
169 1202 122 269 136
170 1200 123 265 135
171 1199 124 262 135
172 1197 124 258 134
173 1196 125 255 134
174 1194 126 252 133
175 1192 126 248 132
176 1190 127 245 132
177 1187 128 242 131
178 1185 128 240 131
179 1182 129 237 130
180 1180 129 234 129
181 1177 130 232 129
182 1174 131 229 128
183 1171 131 227 128
184 1168 132 225 127
185 1165 132 223 126
186 1162 133 221 126
187 1158 134 219 125
188 1155 134 218 124
189 1151 135 216 124
190 1148 135 215 123
191 1144 136 214 122
192 1140 136 213 122
193 1136 137 212 121
194 1132 137 211 120
195 1128 138 210 120
196 1124 138 210 119
197 1120 139 210 118
198 1116 139 209 117
199 1111 140 209 117
200 1107 140 210 116
201 1102 141 210 115
202 1098 141 211 115
203 1093 142 211 114
204 1088 142 212 113
205 1084 143 213 112
206 1079 143 215 112
207 1074 143 216 111
208 1069 144 218 110
209 1064 144 220 109
210 1059 145 222 109
211 1054 145 224 108
212 1049 145 227 107
213 1043 146 229 106
214 1038 146 232 106
215 1033 147 235 105
216 1028 147 239 104
217 1022 147 242 103
218 1017 148 246 103
219 1011 148 250 102
220 1006 148 254 101
221 1000 149 258 100
222 995 149 263 100
223 989 149 268 99
224 984 150 273 98
225 978 150 278 98
226 972 150 284 97
227 967 150 289 96
228 961 151 295 95
229 955 151 301 95
230 949 151 308 94
231 943 151 314 93
232 938 152 321 93
233 932 152 328 92
234 926 152 335 91
235 920 152 343 91
236 914 153 350 90
237 908 153 358 89
238 902 153 366 89
239 896 153 375 88
240 890 153 383 88
241 884 154 392 87
242 878 154 401 87
243 872 154 410 86
244 866 154 419 85
245 860 154 429 85
246 854 154 438 84
247 847 155 448 84
248 841 155 458 84
249 835 155 468 83
250 829 155 479 83
251 823 155 489 82
252 817 155 500 82
253 810 155 511 81
254 804 155 522 81
255 798 156 533 81
256 792 156 544 80
257 785 156 555 80
258 779 156 566 80
259 773 156 578 80
260 767 156 589 79
261 760 156 601 79
262 754 156 613 79
263 748 156 625 79
264 742 156 636 79
265 735 156 648 79
266 729 156 660 78
267 723 156 672 78
268 717 156 684 78
269 710 156 696 78
270 704 156 708 78
271 698 156 720 78
272 691 156 732 78
273 685 156 744 78
274 679 156 756 79
275 673 156 768 79
276 666 156 780 79
277 660 156 792 79
278 654 156 804 79
279 648 156 815 79
280 641 156 827 79
281 635 156 838 80
282 629 156 850 80
283 623 156 861 80
284 616 156 872 81
285 610 156 884 81
286 604 155 895 81
287 598 155 905 82
288 592 155 916 82
289 585 155 927 82
290 579 155 937 83
291 573 155 947 83
292 567 155 957 84
293 561 155 967 84
294 555 154 977 85
295 549 154 987 85
296 543 154 996 86
297 536 154 1005 86
298 530 154 1014 87
299 524 154 1023 87
300 518 153 1032 88
301 512 153 1040 88
302 506 153 1048 89
303 500 153 1056 90
304 494 153 1064 90
305 488 152 1072 91
306 483 152 1079 92
307 477 152 1086 92
308 471 152 1093 93
309 465 151 1100 94
310 459 151 1106 94
311 453 151 1112 95
312 448 151 1118 96
313 442 150 1124 96
314 436 150 1130 97
315 431 150 1135 98
316 425 150 1140 98
317 419 149 1145 99
318 414 149 1150 100
319 408 149 1154 101
320 403 148 1159 101
321 397 148 1163 102
322 392 148 1167 103
323 386 147 1170 104
324 381 147 1174 104
325 376 147 1177 105
326 370 146 1180 106
327 365 146 1182 107
328 360 146 1185 107
329 355 145 1187 108
330 350 145 1190 109
331 345 144 1192 110
332 340 144 1193 110
333 335 144 1195 111
334 330 143 1196 112
335 325 143 1197 113
336 321 142 1198 113
337 316 142 1199 114
338 311 141 1200 115
339 307 141 1200 115
340 302 140 1201 116
341 298 140 1201 117
342 294 139 1201 118
343 289 139 1200 118
344 285 139 1200 119
345 281 138 1200 120
346 277 137 1199 120
347 273 137 1198 121
348 269 136 1197 122
349 265 136 1196 122
350 262 135 1195 123
351 258 135 1193 124
352 254 134 1191 124
353 251 134 1190 125
354 248 133 1188 126
355 244 133 1186 126
356 241 132 1184 127
357 238 131 1182 128
358 235 131 1179 128
359 233 130 1177 129