0 210 85 799 85
1 208 84 798 85
2 207 84 796 85
3 206 83 794 86
4 205 83 793 86
5 204 83 791 86
6 203 82 789 87
7 202 82 787 87
8 201 82 785 87
9 200 81 783 88
10 199 81 781 88
11 199 80 779 88
12 198 80 776 89
13 198 80 774 89
14 198 79 772 89
15 198 79 769 90
16 198 78 767 90
17 198 78 764 90
18 198 77 762 91
19 198 77 759 91
20 198 77 756 91
21 199 76 754 91
22 199 76 751 92
23 200 75 748 92
24 201 75 745 92
25 202 74 742 93
26 203 74 739 93
27 204 74 736 93
28 205 73 733 93
29 206 73 730 94
30 208 72 727 94
31 209 72 724 94
32 211 71 721 94
33 213 71 718 94
34 215 71 715 95
35 217 70 711 95
36 219 70 708 95
37 222 69 705 95
38 224 69 701 96
39 227 68 698 96
40 229 68 694 96
41 232 68 691 96
42 235 67 688 96
43 238 67 684 97
44 241 66 681 97
45 245 66 677 97
46 248 66 673 97
47 252 65 670 97
48 256 65 666 97
49 259 64 663 98
50 263 64 659 98
51 268 64 655 98
52 272 63 652 98
53 276 63 648 98
54 281 63 644 98
55 285 62 640 99
56 290 62 637 99
57 295 61 633 99
58 300 61 629 99
59 305 61 625 99
60 310 60 621 99
61 315 60 618 99
62 321 60 614 99
63 326 60 610 100
64 332 59 606 100
65 338 59 602 100
66 344 59 598 100
67 350 58 594 100
68 356 58 590 100
69 362 58 586 100
70 368 58 583 100
71 374 57 579 100
72 381 57 575 100
73 387 57 571 100
74 394 57 567 100
75 400 57 563 101
76 407 56 559 101
77 414 56 555 101
78 420 56 551 101
79 427 56 547 101
80 434 56 543 101
81 441 56 539 101
82 448 56 535 101
83 455 56 531 101
84 462 55 527 101
85 469 55 523 101
86 476 55 519 101
87 484 55 515 101
88 491 55 511 101
89 498 55 507 101
90 505 55 503 101
91 512 55 499 101
92 519 55 495 101
93 527 55 491 101
94 534 55 487 101
95 541 55 483 101
96 548 55 479 101
97 555 55 475 101
98 562 56 471 101
99 569 56 467 101
100 576 56 463 101
101 583 56 459 101
102 590 56 455 101
103 596 56 451 101
104 603 56 447 101
105 610 57 443 100
106 616 57 439 100
107 623 57 435 100
108 629 57 431 100
109 636 57 427 100
110 642 58 423 100
111 648 58 419 100
112 655 58 415 100
113 661 58 411 100
114 667 59 407 100
115 672 59 403 100
116 678 59 399 100
117 684 59 396 99
118 689 60 392 99
119 695 60 388 99
120 700 60 384 99
121 705 61 380 99
122 710 61 377 99
123 715 61 373 99
124 720 62 369 99
125 725 62 365 99
126 729 62 362 98
127 734 63 358 98
128 738 63 354 98
129 743 63 351 98
130 747 64 347 98
131 751 64 343 98
132 755 65 340 97
133 758 65 336 97
134 762 65 332 97
135 765 66 329 97
136 769 66 325 97
137 772 67 322 97
138 775 67 319 96
139 778 67 315 96
140 781 68 312 96
141 784 68 308 96
142 786 69 305 96
143 789 69 302 95
144 791 70 298 95
145 793 70 295 95
146 795 70 292 95
147 797 71 289 94
148 799 71 285 94
149 801 72 282 94
150 802 72 279 94
151 804 73 276 93
152 805 73 273 93
153 806 73 270 93
154 807 74 267 93
155 808 74 264 92
156 809 75 262 92
157 810 75 259 92
158 811 76 256 92
159 811 76 253 91
160 812 76 251 91
161 812 77 248 91
162 812 77 245 90
163 812 78 243 90
164 812 78 240 90
165 812 79 238 90
166 812 79 236 89
167 812 79 233 89
168 811 80 231 89
169 811 80 229 88
170 810 81 227 88
171 810 81 225 88
172 809 81 223 87
173 808 82 221 87
174 807 82 219 87
175 806 83 217 86
176 805 83 215 86
177 804 83 214 86
178 803 84 212 85
179 801 84 211 85
180 800 84 209 84
181 798 85 208 84
182 797 85 207 84
183 795 86 205 83
184 793 86 204 83
185 792 86 203 83
186 790 87 202 82
187 788 87 201 82
188 786 87 201 81
189 784 88 200 81
190 782 88 199 81
191 780 88 199 80
192 777 89 198 80
193 775 89 198 79
194 773 89 198 79
195 770 90 198 79
196 768 90 198 78
197 765 90 198 78
198 763 90 198 77
199 760 91 198 77
200 757 91 198 76
201 755 91 199 76
202 752 92 200 76
203 749 92 200 75
204 746 92 201 75
205 744 92 202 74
206 741 93 203 74
207 738 93 204 73
208 735 93 205 73
209 732 93 207 73
210 728 94 208 72
211 725 94 210 72
212 722 94 212 71
213 719 94 214 71
214 716 95 216 70
215 713 95 218 70
216 709 95 220 70
217 706 95 222 69
218 703 96 225 69
219 699 96 228 68
220 696 96 230 68
221 692 96 233 67
222 689 96 236 67
223 685 97 239 67
224 682 97 243 66
225 678 97 246 66
226 675 97 250 65
227 671 97 253 65
228 668 97 257 65
229 664 98 261 64
230 660 98 265 64
231 657 98 269 63
232 653 98 273 63
233 649 98 278 63
234 646 98 282 62
235 642 99 287 62
236 638 99 292 62
237 634 99 297 61
238 631 99 302 61
239 627 99 307 61
240 623 99 312 60
241 619 99 318 60
242 615 99 323 60
243 611 99 329 59
244 607 100 334 59
245 604 100 340 59
246 600 100 346 59
247 596 100 352 58
248 592 100 358 58
249 588 100 364 58
250 584 100 370 58
251 580 100 377 57
252 576 100 383 57
253 572 100 390 57
254 568 100 396 57
255 564 100 403 57
256 560 101 410 56
257 556 101 416 56
258 552 101 423 56
259 548 101 430 56
260 544 101 437 56
261 540 101 444 56
262 536 101 451 56
263 532 101 458 55
264 528 101 465 55
265 524 101 472 55
266 520 101 479 55
267 516 101 486 55
268 512 101 494 55
269 508 101 501 55
270 504 101 508 55
271 500 101 515 55
272 496 101 522 55
273 492 101 529 55
274 488 101 536 55
275 484 101 544 55
276 480 101 551 55
277 476 101 558 56
278 472 101 565 56
279 468 101 572 56
280 464 101 579 56
281 460 101 585 56
282 456 101 592 56
283 452 101 599 56
284 448 101 606 56
285 444 101 612 57
286 440 100 619 57
287 436 100 626 57
288 432 100 632 57
289 428 100 638 57
290 424 100 645 58
291 420 100 651 58
292 417 100 657 58
293 413 100 663 58
294 409 100 669 59
295 405 100 675 59
296 401 100 680 59
297 397 100 686 60
298 393 99 691 60
299 389 99 697 60
300 386 99 702 60
301 382 99 707 61
302 378 99 712 61
303 374 99 717 61
304 370 99 722 62
305 367 99 727 62
306 363 98 731 63
307 359 98 736 63
308 356 98 740 63
309 352 98 744 64
310 348 98 748 64
311 345 98 752 64
312 341 97 756 65
313 337 97 760 65
314 334 97 763 66
315 330 97 767 66
316 327 97 770 66
317 323 97 773 67
318 320 96 776 67
319 316 96 779 68
320 313 96 782 68
321 310 96 785 68
322 306 96 787 69
323 303 95 790 69
324 300 95 792 70
325 296 95 794 70
326 293 95 796 71
327 290 94 798 71
328 287 94 800 71
329 284 94 801 72
330 280 94 803 72
331 277 94 804 73
332 274 93 806 73
333 271 93 807 74
334 268 93 808 74
335 266 93 809 74
336 263 92 810 75
337 260 92 810 75
338 257 92 811 76
339 254 91 811 76
340 252 91 812 77
341 249 91 812 77
342 246 91 812 77
343 244 90 812 78
344 241 90 812 78
345 239 90 812 79
346 237 89 812 79
347 234 89 812 80
348 232 89 811 80
349 230 88 811 80
350 228 88 810 81
351 226 88 809 81
352 224 87 809 82
353 222 87 808 82
354 220 87 807 82
355 218 86 806 83
356 216 86 805 83
357 214 86 803 83
358 213 85 802 84
359 211 85 801 84