0 35 170 964 170
1 32 169 961 170
2 28 168 957 171
3 25 168 954 171
4 22 167 950 172
5 19 166 946 173
6 16 166 943 173
7 14 165 939 174
8 11 164 935 174
9 8 164 931 175
10 6 163 927 175
11 4 162 922 176
12 2 161 918 176
13 0 161 914 177
14 0 160 910 177
15 0 159 905 178
16 0 158 901 178
17 0 158 896 179
18 0 157 892 179
19 0 156 887 180
20 0 155 882 180
21 0 154 878 181
22 0 154 873 181
23 0 153 868 181
24 0 152 863 182
25 0 151 859 182
26 0 150 854 183
27 0 149 849 183
28 0 149 844 183
29 0 148 839 184
30 0 147 834 184
31 0 146 829 185
32 0 145 824 185
33 0 144 818 185
34 0 143 813 186
35 0 142 808 186
36 2 142 803 186
37 4 141 798 187
38 7 140 792 187
39 10 139 787 187
40 13 138 782 187
41 17 137 776 188
42 21 136 771 188
43 25 135 766 188
44 29 134 760 189
45 34 133 755 189
46 39 133 750 189
47 44 132 744 189
48 50 131 739 190
49 55 130 733 190
50 62 129 728 190
51 68 128 722 190
52 74 127 717 191
53 81 126 711 191
54 89 126 706 191
55 96 125 700 191
56 104 124 695 191
57 112 123 689 192
58 120 122 683 192
59 129 122 678 192
60 138 121 672 192
61 147 120 667 192
62 156 119 661 192
63 166 118 655 193
64 176 118 650 193
65 186 117 644 193
66 197 116 639 193
67 208 116 633 193
68 219 115 627 193
69 230 114 622 193
70 241 114 616 193
71 253 113 610 194
72 265 113 605 194
73 277 112 599 194
74 290 112 593 194
75 302 111 588 194
76 315 111 582 194
77 328 110 576 194
78 341 110 571 194
79 354 110 565 194
80 368 109 559 194
81 381 109 554 194
82 395 109 548 194
83 408 108 542 194
84 422 108 537 194
85 436 108 531 194
86 450 108 525 194
87 464 108 519 194
88 478 108 514 194
89 492 108 508 194
90 506 108 502 194
91 520 108 497 194
92 535 108 491 194
93 549 108 485 194
94 563 108 480 194
95 577 108 474 194
96 591 108 468 194
97 604 108 462 194
98 618 109 457 194
99 632 109 451 194
100 645 109 445 194
101 659 110 440 194
102 672 110 434 194
103 685 110 428 194
104 698 111 423 194
105 710 111 417 194
106 723 112 411 194
107 735 112 406 194
108 748 113 400 194
109 759 113 394 193
110 771 114 389 193
111 783 114 383 193
112 794 115 378 193
113 805 116 372 193
114 816 116 366 193
115 826 117 361 193
116 836 118 355 193
117 846 118 349 192
118 856 119 344 192
119 866 120 338 192
120 875 121 333 192
121 884 121 327 192
122 892 122 322 192
123 901 123 316 191
124 909 124 311 191
125 916 125 305 191
126 924 125 299 191
127 931 126 294 191
128 938 127 288 190
129 944 128 283 190
130 951 129 278 190
131 957 130 272 190
132 962 131 267 190
133 968 131 261 189
134 973 132 256 189
135 978 133 250 189
136 983 134 245 189
137 987 135 240 188
138 991 136 234 188
139 995 137 229 188
140 998 138 224 187
141 1002 139 219 187
142 1005 140 213 187
143 1008 140 208 186
144 1010 141 203 186
145 1012 142 198 186
146 1014 143 193 185
147 1016 144 188 185
148 1018 145 182 185
149 1019 146 177 184
150 1020 147 172 184
151 1021 148 167 184
152 1022 148 162 183
153 1023 149 157 183
154 1023 150 153 183
155 1023 151 148 182
156 1023 152 143 182
157 1023 153 138 181
158 1022 153 133 181
159 1022 154 129 180
160 1021 155 124 180
161 1020 156 120 180
162 1019 157 115 179
163 1017 157 111 179
164 1016 158 106 178
165 1014 159 102 178
166 1013 160 97 177
167 1011 160 93 177
168 1009 161 89 176
169 1007 162 85 176
170 1004 163 81 175
171 1002 163 77 175
172 999 164 73 174
173 997 165 69 174
174 994 165 65 173
175 991 166 61 172
176 988 167 58 172
177 985 167 54 171
178 982 168 51 171
179 978 169 47 170
180 975 169 44 169
181 971 170 41 169
182 968 171 38 168
183 964 171 35 168
184 960 172 32 167
185 957 172 29 166
186 953 173 26 166
187 949 174 24 165
188 945 174 21 164
189 940 175 19 164
190 936 175 17 163
191 932 176 15 162
192 928 176 13 161
193 923 177 11 161
194 919 177 9 160
195 914 178 8 159
196 910 178 7 158
197 905 179 5 158
198 900 179 4 157
199 896 180 3 156
200 891 180 3 155
201 886 181 2 155
202 881 181 2 154
203 876 182 1 153
204 871 182 1 152
205 866 182 1 151
206 861 183 2 151
207 856 183 2 150
208 851 184 3 149
209 846 184 4 148
210 841 184 5 147
211 836 185 6 146
212 830 185 8 146
213 825 185 10 145
214 820 186 12 144
215 815 186 14 143
216 809 186 16 142
217 804 187 19 141
218 799 187 22 140
219 793 187 25 140
220 788 188 28 139
221 782 188 32 138
222 777 188 36 137
223 771 189 40 136
224 766 189 45 135
225 761 189 49 134
226 755 189 54 133
227 749 190 59 133
228 744 190 65 132
229 738 190 71 131
230 733 190 77 130
231 727 191 83 129
232 722 191 90 128
233 716 191 96 128
234 710 191 104 127
235 705 191 111 126
236 699 192 119 125
237 693 192 127 124
238 688 192 135 124
239 682 192 143 123
240 676 192 152 122
241 671 193 161 121
242 665 193 170 121
243 659 193 180 120
244 654 193 190 119
245 648 193 200 119
246 642 193 210 118
247 636 193 220 117
248 631 194 231 117
249 625 194 242 116
250 619 194 253 116
251 613 194 265 115
252 608 194 276 115
253 602 194 288 114
254 596 194 300 114
255 590 194 312 113
256 585 194 325 113
257 579 194 337 112
258 573 194 350 112
259 567 195 363 112
260 562 195 376 111
261 556 195 389 111
262 550 195 402 111
263 544 195 415 111
264 538 195 428 110
265 533 195 442 110
266 527 195 455 110
267 521 195 469 110
268 515 195 482 110
269 510 195 496 110
270 504 195 510 110
271 498 195 523 110
272 492 195 537 110
273 486 195 550 110
274 481 195 564 110
275 475 195 577 110
276 469 195 591 110
277 463 195 604 111
278 457 195 617 111
279 452 195 630 111
280 446 195 643 111
281 440 195 656 112
282 434 194 669 112
283 429 194 682 112
284 423 194 694 113
285 417 194 706 113
286 411 194 718 114
287 406 194 730 114
288 400 194 742 115
289 394 194 753 115
290 388 194 765 116
291 383 194 776 116
292 377 194 787 117
293 371 193 797 118
294 366 193 808 118
295 360 193 818 119
296 354 193 828 120
297 348 193 837 120
298 343 193 847 121
299 337 193 856 122
300 331 192 865 122
301 326 192 873 123
302 320 192 882 124
303 314 192 890 125
304 309 192 897 125
305 303 191 905 126
306 298 191 912 127
307 292 191 919 128
308 286 191 926 129
309 281 191 932 129
310 275 190 938 130
311 270 190 944 131
312 264 190 950 132
313 259 190 955 133
314 253 189 960 134
315 248 189 965 135
316 242 189 969 135
317 237 189 974 136
318 231 188 978 137
319 226 188 981 138
320 220 188 985 139
321 215 187 988 140
322 210 187 991 141
323 204 187 994 141
324 199 187 996 142
325 194 186 999 143
326 188 186 1001 144
327 183 186 1003 145
328 178 185 1004 146
329 173 185 1006 147
330 168 184 1007 147
331 163 184 1008 148
332 157 184 1009 149
333 152 183 1009 150
334 147 183 1010 151
335 142 182 1010 152
336 137 182 1010 152
337 133 182 1009 153
338 128 181 1009 154
339 123 181 1009 155
340 118 180 1008 156
341 113 180 1007 156
342 109 179 1006 157
343 104 179 1005 158
344 99 178 1003 159
345 95 178 1002 159
346 90 177 1000 160
347 86 177 998 161
348 82 176 997 162
349 77 176 994 162
350 73 175 992 163
351 69 175 990 164
352 65 174 988 164
353 61 174 985 165
354 57 173 982 166
355 53 173 980 166
356 49 172 977 167
357 46 171 974 168
358 42 171 971 168
359 38 170 967 169